NEH,pxt,RMSE
1,0.003,0.150020440848431
1,0.004,0.149857512745645
1,0.005,0.149694625840352
1,0.006000001,0.149531782724632
1,0.007000001,0.149368979524103
1,0.008,0.149206214533067
1,0.009000001,0.149043494710964
1,0.01,0.148880817945029
1,0.011,0.148718172752685
1,0.012,0.148555572188082
1,0.013,0.148393016396091
1,0.014,0.14823049435305
1,0.015,0.148068024400967
1,0.016,0.147905583756606
1,0.017,0.147743194908047
1,0.018,0.147580837583761
1,0.019,0.147418527261596
1,0.02,0.147256264018733
1,0.021,0.147094043320876
1,0.022,0.146931857672834
1,0.023,0.146769711318259
1,0.024,0.146607617276755
1,0.025,0.146445561115807
1,0.026,0.146283541112283
1,0.027,0.146121579644189
1,0.028,0.145959655058266
1,0.029,0.145797768246034
1,0.03,0.145635923998894
1,0.031,0.14547412418809
1,0.032,0.145312377846131
1,0.033,0.145150675126416
1,0.034,0.144989008310504
1,0.035,0.14482738854364
1,0.03599999,0.144665809958847
1,0.03699999,0.144504272601443
1,0.03799999,0.144342791946075
1,0.03899999,0.144181353201878
1,0.03999999,0.144019955332129
1,0.04099999,0.14385859759453
1,0.04199998,0.14369728767662
1,0.04299998,0.143536038306823
1,0.04399998,0.143374816649434
1,0.04499998,0.143213643831258
1,0.04599998,0.143052516013812
1,0.04699998,0.142891440369324
1,0.04799997,0.142730411776114
1,0.04899997,0.142569424700393
1,0.04999997,0.142408486711793
2,0.003,0.149532607942074
2,0.004,0.149207672809559
2,0.005,0.148883075669388
2,0.006000001,0.148558810904638
2,0.007000001,0.148234896250495
2,0.008,0.147911313548241
2,0.009000001,0.147588084757064
2,0.01,0.147265168664146
2,0.011,0.14694260168191
2,0.012,0.146620366465868
2,0.013,0.146298468551005
2,0.014,0.145976904006665
2,0.015,0.145655690600925
2,0.016,0.145334801726525
2,0.017,0.145014242188953
2,0.018,0.144694015128815
2,0.019,0.144374122274083
2,0.02,0.144054571429869
2,0.021,0.143735352517916
2,0.022,0.14341646064194
2,0.023,0.143097901018357
2,0.024,0.142779672971223
2,0.025,0.142461780213057
2,0.026,0.142144212048654
2,0.027,0.141826989361996
2,0.028,0.141510080635794
2,0.029,0.141193507916733
2,0.03,0.140877258177371
2,0.031,0.140561342464481
2,0.032,0.140245746743291
2,0.033,0.139930497773975
2,0.034,0.139615564274629
2,0.035,0.139300957708334
2,0.03599999,0.138986679597917
2,0.03699999,0.138672724579464
2,0.03799999,0.138359108490021
2,0.03899999,0.138045801731574
2,0.03999999,0.13773282438859
2,0.04099999,0.137420177192687
2,0.04199998,0.137107846786819
2,0.04299998,0.136795856965421
2,0.04399998,0.136484172576707
2,0.04499998,0.136172817635168
2,0.04599998,0.135861778631701
2,0.04699998,0.135551069382557
2,0.04799997,0.135240689494784
2,0.04899997,0.134930618222054
2,0.04999997,0.134620867597268
3,0.003,0.14904594404506
3,0.004,0.148559902015053
3,0.005,0.148074744219999
3,0.006000001,0.14759048092813
3,0.007000001,0.147107107529696
3,0.008,0.146624612795672
3,0.009000001,0.146143019208151
3,0.01,0.145662280362532
3,0.011,0.145182419465661
3,0.012,0.144703436212746
3,0.013,0.144225311214395
3,0.014,0.143748060922933
3,0.015,0.143271685983574
3,0.016,0.142796160571683
3,0.017,0.142321487226242
3,0.018,0.141847667461217
3,0.019,0.141374705805667
3,0.02,0.140902581321222
3,0.021,0.14043133213282
3,0.022,0.139960906878685
3,0.023,0.139491322176118
3,0.024,0.139022576326276
3,0.025,0.138554659512351
3,0.026,0.138087576295872
3,0.027,0.137621343222844
3,0.028,0.13715591790563
3,0.029,0.136691319469788
3,0.03,0.136227538258813
3,0.031,0.135764579186074
3,0.032,0.135302430802589
3,0.033,0.134841115810378
3,0.034,0.134380593114953
3,0.035,0.133920878571616
3,0.03599999,0.133461973719011
3,0.03699999,0.133003856765772
3,0.03799999,0.132546570479239
3,0.03899999,0.132090059118094
3,0.03999999,0.131634336942259
3,0.04099999,0.131179407725043
3,0.04199998,0.130725271838693
3,0.04299998,0.130271936819173
3,0.04399998,0.129819364867956
3,0.04499998,0.129367572336793
3,0.04599998,0.128916558153431
3,0.04699998,0.128466324381932
3,0.04799997,0.128016876744966
3,0.04899997,0.127568177445135
3,0.04999997,0.127120250027072
4,0.003,0.148560452526353
4,0.004,0.147914191813776
4,0.005,0.147269625999265
4,0.006000001,0.146626746053941
4,0.007000001,0.145985539631379
4,0.008,0.145346008426827
4,0.009000001,0.144708160752563
4,0.01,0.144071935060911
4,0.011,0.143437350969943
4,0.012,0.142804401186882
4,0.013,0.142173078323754
4,0.014,0.141543371448378
4,0.015,0.140915291493999
4,0.016,0.140288795208711
4,0.017,0.139663891492742
4,0.018,0.139040569439761
4,0.019,0.138418820498775
4,0.02,0.137798639183323
4,0.021,0.137180048894404
4,0.022,0.136562980186633
4,0.023,0.135947456162118
4,0.024,0.135333466657473
4,0.025,0.134721010856481
4,0.026,0.134110067112813
4,0.027,0.13350066459857
4,0.028,0.132892745099254
4,0.029,0.132286312845598
4,0.03,0.131681379033123
4,0.031,0.131077920303114
4,0.032,0.13047593606568
4,0.033,0.129875447927573
4,0.034,0.129276390187874
4,0.035,0.128678788352038
4,0.03599999,0.128082627438325
4,0.03699999,0.127487895534693
4,0.03799999,0.126894630546052
4,0.03899999,0.126302752910848
4,0.03999999,0.12571228950237
4,0.04099999,0.125123247132134
4,0.04199998,0.124535590486791
4,0.04299998,0.123949358491702
4,0.04399998,0.123364484592047
4,0.04499998,0.122780996877487
4,0.04599998,0.122198875731254
4,0.04699998,0.121618122313675
4,0.04799997,0.121038751172315
4,0.04899997,0.120460706915835
4,0.04999997,0.119884004719004
5,0.003,0.148076103640889
5,0.004,0.147270525994569
5,0.005,0.146467675091681
5,0.006000001,0.145667551569041
5,0.007000001,0.144870124295411
5,0.008,0.144075384332504
5,0.009000001,0.143283335088934
5,0.01,0.142493904230833
5,0.011,0.141707099718376
5,0.012,0.140922901792806
5,0.013,0.140141294113951
5,0.014,0.139362261650339
5,0.015,0.138585815839207
5,0.016,0.137811875411893
5,0.017,0.137040455689818
5,0.018,0.136271538993698
5,0.019,0.135505105734598
5,0.02,0.134741149537458
5,0.021,0.133979681082047
5,0.022,0.133220608187705
5,0.023,0.132463953824001
5,0.024,0.131709711328745
5,0.025,0.130957850585077
5,0.026,0.130208359042595
5,0.027,0.12946125751434
5,0.028,0.128716458625576
5,0.029,0.127973991507646
5,0.03,0.127233833717256
5,0.031,0.126495961652517
5,0.032,0.125760372717749
5,0.033,0.12502707119616
5,0.034,0.124295990046082
5,0.035,0.123567140291576
5,0.03599999,0.122840509483013
5,0.03699999,0.122116084686329
5,0.03799999,0.121393878183258
5,0.03899999,0.120673817516738
5,0.03999999,0.119955917622133
5,0.04099999,0.119240167753154
5,0.04199998,0.1185265484733
5,0.04299998,0.117815071921626
5,0.04399998,0.117105686573413
5,0.04499998,0.116398382050255
5,0.04599998,0.11569316035211
5,0.04699998,0.11499001027667
5,0.04799997,0.114288936915996
5,0.04899997,0.113589877600702
5,0.04999997,0.112892846730142
6,0.003,0.147592913954398
6,0.004,0.146628888662841
6,0.005,0.145668873988205
6,0.006000001,0.14471286015273
6,0.007000001,0.143760788328194
6,0.008,0.14281263819215
6,0.009000001,0.141868411945497
6,0.01,0.140927997475922
6,0.011,0.139991396510388
6,0.012,0.139058586379917
6,0.013,0.138129524825283
6,0.014,0.137204195088457
6,0.015,0.136282585418642
6,0.016,0.135364597803187
6,0.017,0.134450239657666
6,0.018,0.133539478934785
6,0.019,0.132632280413868
6,0.02,0.131728620655673
6,0.021,0.130828514134781
6,0.022,0.129931838002617
6,0.023,0.129038623903075
6,0.024,0.128148821836773
6,0.025,0.12726241984822
6,0.026,0.126379387870686
6,0.027,0.125499717346559
6,0.028,0.124623332438664
6,0.029,0.123750234510282
6,0.03,0.122880385853764
6,0.031,0.122013783828218
6,0.032,0.121150381628854
6,0.033,0.120290192962461
6,0.034,0.119433127590648
6,0.035,0.118579202332704
6,0.03599999,0.117728383967126
6,0.03699999,0.116880641066666
6,0.03799999,0.116035994835637
6,0.03899999,0.115194357336179
6,0.03999999,0.114355734089388
6,0.04099999,0.113520100661548
6,0.04199998,0.112687431472161
6,0.04299998,0.111857747016282
6,0.04399998,0.111030958999084
6,0.04499998,0.110207071243396
6,0.04599998,0.109386071427389
6,0.04699998,0.108567934751268
6,0.04799997,0.107752665287291
6,0.04899997,0.10694019478102
6,0.04999997,0.106130524144654
7,0.003,0.147110871273917
7,0.004,0.145989263804797
7,0.005,0.144873198530195
7,0.006000001,0.143762618004897
7,0.007000001,0.142657450977319
7,0.008,0.141557656373467
7,0.009000001,0.140463219483473
7,0.01,0.139374003529837
7,0.011,0.138289983024441
7,0.012,0.137211122210099
7,0.013,0.136137356861996
7,0.014,0.135068646528387
7,0.015,0.134004973197492
7,0.016,0.1329462049148
7,0.017,0.131892339687342
7,0.018,0.130843318698897
7,0.019,0.129799111013816
7,0.02,0.12875965368197
7,0.021,0.127724947602183
7,0.022,0.126694870537778
7,0.023,0.125669406465449
7,0.024,0.124648521654344
7,0.025,0.12363217297016
7,0.026,0.122620307545752
7,0.027,0.121612933967168
7,0.028,0.120609920629293
7,0.029,0.119611280045925
7,0.03,0.118616964156393
7,0.031,0.117626931116515
7,0.032,0.116641151401057
7,0.033,0.115659613453458
7,0.034,0.114682213197371
7,0.035,0.113708950511422
7,0.03599999,0.112739782686391
7,0.03699999,0.111774686192181
7,0.03799999,0.110813649798493
7,0.03899999,0.10985657879669
7,0.03999999,0.1089034673159
7,0.04099999,0.107954285866432
7,0.04199998,0.107009004026092
7,0.04299998,0.106067631779075
7,0.04399998,0.105130051141176
7,0.04499998,0.104196282490496
7,0.04599998,0.103266295377643
7,0.04699998,0.102340054731318
7,0.04799997,0.10141756322305
7,0.04899997,0.100498738481949
7,0.04999997,0.099583586480515
8,0.003,0.146629968450333
8,0.004,0.145351649475352
8,0.005,0.144080614857065
8,0.006000001,0.142816784202991
8,0.007000001,0.141560050282959
8,0.008,0.140310349762038
8,0.009000001,0.139067632273433
8,0.01,0.137831726829386
8,0.011,0.136602601258
8,0.012,0.135380170952978
8,0.013,0.134164366755949
8,0.014,0.132955106523185
8,0.015,0.131752365524356
8,0.016,0.130555969493195
8,0.017,0.129365896777744
8,0.018,0.128182077442416
8,0.019,0.127004440163021
8,0.02,0.125832913145224
8,0.021,0.124667484916179
8,0.022,0.123507986290481
8,0.023,0.122354405973103
8,0.024,0.121206675990296
8,0.025,0.120064732425001
8,0.026,0.118928523210616
8,0.027,0.117798027492437
8,0.028,0.116673094598539
8,0.029,0.115553717428683
8,0.03,0.114439835883058
8,0.031,0.113331398214236
8,0.032,0.112228350899853
8,0.033,0.111130674954738
8,0.034,0.110038249762772
8,0.035,0.108951057129901
8,0.03599999,0.107869053308896
8,0.03699999,0.106792183518732
8,0.03799999,0.105720447194645
8,0.03899999,0.10465371820429
8,0.03999999,0.103591994261855
8,0.04099999,0.102535229515504
8,0.04199998,0.101483387422713
8,0.04299998,0.100436453490507
8,0.04399998,0.0993943260785692
8,0.04499998,0.0983570036819946
8,0.04599998,0.0973244409373119
8,0.04699998,0.0962966076469685
8,0.04799997,0.0952735075249485
8,0.04899997,0.094255033010745
8,0.04999997,0.0932411962089761
9,0.003,0.146150189760907
9,0.004,0.144716013609091
9,0.005,0.143291099008505
9,0.006000001,0.1418753053085
9,0.007000001,0.14046851245791
9,0.008,0.139070594632092
9,0.009000001,0.137681499130807
9,0.01,0.136300978021782
9,0.011,0.134928994743385
9,0.012,0.133565431462562
9,0.013,0.132210168250521
9,0.014,0.130863100259567
9,0.015,0.12952417811302
9,0.016,0.128193192926776
9,0.017,0.126870103106974
9,0.018,0.125554792649562
9,0.019,0.124247180298785
9,0.02,0.122947167109763
9,0.021,0.121654699766792
9,0.022,0.120369603635812
9,0.023,0.119091837141773
9,0.024,0.117821309014115
9,0.025,0.116557936552046
9,0.026,0.115301634497776
9,0.027,0.1140523783049
9,0.028,0.112809987263578
9,0.029,0.111574441148078
9,0.03,0.110345656627398
9,0.031,0.109123571877475
9,0.032,0.107908112670401
9,0.033,0.106699249801312
9,0.034,0.105496832789692
9,0.035,0.104300838223915
9,0.03599999,0.10311122159918
9,0.03699999,0.101927898140311
9,0.03799999,0.100750868238606
9,0.03899999,0.0995799872220538
9,0.03999999,0.098415247283477
9,0.04099999,0.0972565913691913
9,0.04199998,0.0961039663454998
9,0.04299998,0.0949573658066694
9,0.04399998,0.0938166793496241
9,0.04499998,0.0926818881541129
9,0.04599998,0.091552954156175
9,0.04699998,0.0904298385082752
9,0.04799997,0.0893125366975674
9,0.04899997,0.0882009469468708
9,0.04999997,0.0870950714861922
10,0.003,0.145671541944191
10,0.004,0.144082369150497
10,0.005,0.142504631062172
10,0.006000001,0.140938153050267
10,0.007000001,0.139382767720323
10,0.008,0.13783831373114
10,0.009000001,0.136304681379613
10,0.01,0.134781582204432
10,0.011,0.133268936969739
10,0.012,0.13176657905848
10,0.013,0.130274372712002
10,0.014,0.128792165221952
10,0.015,0.127319868694978
10,0.016,0.125857231282544
10,0.017,0.124404182484709
10,0.018,0.122960588587445
10,0.019,0.121526309234996
10,0.02,0.120101238573131
10,0.021,0.118685295303072
10,0.022,0.117278258066745
10,0.023,0.11588006497308
10,0.024,0.114490608026521
10,0.025,0.113109778346815
10,0.026,0.111737461118699
10,0.027,0.110373611215414
10,0.028,0.10901802888729
10,0.029,0.107670672983577
10,0.03,0.10633144007464
10,0.031,0.105000250692626
10,0.032,0.103677018017331
10,0.033,0.102361698601057
10,0.034,0.101054123063447
10,0.035,0.0997542605954828
10,0.03599999,0.0984620393759429
10,0.03699999,0.0971773847766102
10,0.03799999,0.095900270634073
10,0.03899999,0.0946305509781359
10,0.03999999,0.0933682131024438
10,0.04099999,0.0921131887493421
10,0.04199998,0.0908654262266484
10,0.04299998,0.0896249135597033
10,0.04399998,0.0883915287450316
10,0.04499998,0.0871652659464993
10,0.04599998,0.0859460768102808
10,0.04699998,0.0847339317962495
10,0.04799997,0.0835288269591421
10,0.04899997,0.0823306695946929
10,0.04999997,0.0811394590017941
11,0.003,0.145194014878935
11,0.004,0.1434506755861
11,0.005,0.141721173241317
11,0.006000001,0.140005278895071
11,0.007000001,0.138302758080357
11,0.008,0.136613398206096
11,0.009000001,0.134937047148403
11,0.01,0.133273351576006
11,0.011,0.131622188403946
11,0.012,0.129983345571272
11,0.013,0.128356626505621
11,0.014,0.126741848835365
11,0.015,0.12513889101156
11,0.016,0.123547455134394
11,0.017,0.121967411744273
11,0.018,0.120398603266662
11,0.019,0.11884086900154
11,0.02,0.117294041589579
11,0.021,0.115758034049818
11,0.022,0.114232568837228
11,0.023,0.112717577067839
11,0.024,0.11121290230517
11,0.025,0.109718423983959
11,0.026,0.108234002085932
11,0.027,0.106759568113186
11,0.028,0.105294893469753
11,0.029,0.103839917473657
11,0.03,0.102394522876392
11,0.031,0.100958615672631
11,0.032,0.099532089098669
11,0.033,0.0981148842464888
11,0.034,0.0967068233489122
11,0.035,0.0953078641191852
11,0.03599999,0.0939179165460766
11,0.03699999,0.0925369196399299
11,0.03799999,0.0911648275717399
11,0.03899999,0.0898014862477935
11,0.03999999,0.088446891836487
11,0.04099999,0.0871009646522981
11,0.04199998,0.0857636618807398
11,0.04299998,0.0844349802726548
11,0.04399998,0.0831147870356263
11,0.04499998,0.0818030952553616
11,0.04599998,0.08049987273944
11,0.04699998,0.0792050867110205
11,0.04799997,0.0779187580618466
11,0.04899997,0.0766408083572796
11,0.04999997,0.0753712500099404
12,0.003,0.144717608105964
12,0.004,0.142820931120507
12,0.005,0.140940706968215
12,0.006000001,0.139076634071381
12,0.007000001,0.137228408151011
12,0.008,0.135395754276186
12,0.009000001,0.133578461789339
12,0.01,0.131776116097614
12,0.011,0.129988513174183
12,0.012,0.128215419705543
12,0.013,0.126456572830491
12,0.014,0.124711738476805
12,0.015,0.122980750143262
12,0.016,0.121263248670705
12,0.017,0.119559095739777
12,0.018,0.117868058193481
12,0.019,0.116189944374019
12,0.02,0.114524557840777
12,0.021,0.112871772762627
12,0.022,0.111231281635857
12,0.023,0.109602970506937
12,0.024,0.107986668650137
12,0.025,0.106382215963428
12,0.026,0.1047894664792
12,0.027,0.103208305527296
12,0.028,0.101638503167331
12,0.029,0.100079968688504
12,0.03,0.0985325746109469
12,0.031,0.0969962038080308
12,0.032,0.095470734885109
12,0.033,0.0939561183271982
12,0.034,0.0924521512479878
12,0.035,0.0909587882215762
12,0.03599999,0.0894759382351224
12,0.03699999,0.0880035340326074
12,0.03799999,0.0865415325367773
12,0.03899999,0.0850897873646062
12,0.03999999,0.0836482897473876
12,0.04099999,0.0822169909093448
12,0.04199998,0.080795841786549
12,0.04299998,0.0793848504294532
12,0.04399998,0.0779839188459813
12,0.04499998,0.0765930726586497
12,0.04599998,0.0752122984819209
12,0.04699998,0.0738416059576956
12,0.04799997,0.0724810306196239
12,0.04899997,0.0711305478402975
12,0.04999997,0.0697902120558461
13,0.003,0.144242312525604
13,0.004,0.142193131420834
13,0.005,0.140163210215548
13,0.006000001,0.138152187986811
13,0.007000001,0.136159664958532
13,0.008,0.134185301089561
13,0.009000001,0.132228808417176
13,0.01,0.130289695504087
13,0.011,0.128367712869288
13,0.012,0.126462545154989
13,0.013,0.124573880942472
13,0.014,0.122701425281031
13,0.015,0.120844964863501
13,0.016,0.119004079512497
13,0.017,0.11717857511998
13,0.018,0.115368190451899
13,0.019,0.113572691194073
13,0.02,0.111791832782974
13,0.021,0.110025453936012
13,0.022,0.108273211674687
13,0.023,0.106534963814162
13,0.024,0.104810506899059
13,0.025,0.103099653974791
13,0.026,0.101402228508802
13,0.027,0.0997181150597004
13,0.028,0.0980470384633586
13,0.029,0.0963889097177198
13,0.03,0.0947435800955553
13,0.031,0.0931109247188051
13,0.032,0.0914908249948217
13,0.033,0.0898832003499283
13,0.034,0.0882878704330902
13,0.035,0.0867047740160129
13,0.03599999,0.085133845907744
13,0.03699999,0.0835750019247658
13,0.03799999,0.0820282281423047
13,0.03899999,0.0804933939641503
13,0.03999999,0.0789704993351902
13,0.04099999,0.0774595233665797
13,0.04199998,0.075960448829006
13,0.04299998,0.0744733123680451
13,0.04399998,0.0729980512266458
13,0.04499998,0.0715347347434151
13,0.04599998,0.0700834114218127
13,0.04699998,0.0686441217479566
13,0.04799997,0.0672169842144676
13,0.04899997,0.0658020295810057
13,0.04999997,0.0643994002184372
14,0.003,0.143768118931931
14,0.004,0.141567242043715
14,0.005,0.139388661393003
14,0.006000001,0.137231887878273
14,0.007000001,0.135096458987034
14,0.008,0.132981928462844
14,0.009000001,0.130887952095139
14,0.01,0.12881393857379
14,0.011,0.126759565054252
14,0.012,0.124724449655314
14,0.013,0.122708222870967
14,0.014,0.120710511899488
14,0.015,0.118731065482299
14,0.016,0.116769380543247
14,0.017,0.114825233680379
14,0.018,0.112898307036592
14,0.019,0.110988315764704
14,0.02,0.109094984370603
14,0.021,0.107218104454579
14,0.022,0.105357299259741
14,0.023,0.103512391092223
14,0.024,0.10168315558867
14,0.025,0.0998693788043579
14,0.026,0.0980708618730164
14,0.027,0.096287469078068
14,0.028,0.0945189110425538
14,0.029,0.0927650867500825
14,0.03,0.0910258486645355
14,0.031,0.089301052661433
14,0.032,0.087590587895878
14,0.033,0.0858943846296619
14,0.034,0.0842122514100124
14,0.035,0.0825441642407195
14,0.03599999,0.0808900563973554
14,0.03699999,0.0792498786763354
14,0.03799999,0.0776236327191592
14,0.03899999,0.0760112295418083
14,0.03999999,0.0744127076351497
14,0.04099999,0.0728280859400601
14,0.04199998,0.0712574023929235
14,0.04299998,0.0697007510045945
14,0.04399998,0.0681581415907204
14,0.04499998,0.0666297215524634
14,0.04599998,0.0651156093018677
14,0.04699998,0.0636159577176027
14,0.04799997,0.0621309847977087
14,0.04899997,0.060660841254074
14,0.04999997,0.0592058068065306
15,0.003,0.143295026092957
15,0.004,0.14094327113821
15,0.005,0.138617029412174
15,0.006000001,0.136315704906755
15,0.007000001,0.134038732248386
15,0.008,0.131785569494113
15,0.009000001,0.129555774655247
15,0.01,0.127348678559566
15,0.011,0.125163864940605
15,0.012,0.123000888152762
15,0.013,0.120859282598254
15,0.014,0.118738642516831
15,0.015,0.116638615772701
15,0.016,0.114558667470587
15,0.017,0.112498501540671
15,0.018,0.11045774836306
15,0.019,0.10843608660096
15,0.02,0.106433192092682
15,0.021,0.104448826204585
15,0.022,0.102482559277304
15,0.023,0.100534204821995
15,0.024,0.0986034938334384
15,0.025,0.0966902028960311
15,0.026,0.0947941074012758
15,0.027,0.0929150678038447
15,0.028,0.0910527854021154
15,0.029,0.0892071388977643
15,0.03,0.0873779930881781
15,0.031,0.085565220607996
15,0.032,0.0837687012765149
15,0.033,0.0819884001412362
15,0.034,0.0802241389047342
15,0.035,0.0784759246922
15,0.03599999,0.0767437248874786
15,0.03699999,0.0750275259608813
15,0.03799999,0.0733273997710379
15,0.03899999,0.0716432955273244
15,0.03999999,0.0699753344730941
15,0.04099999,0.0683236018495654
15,0.04199998,0.0666882332075429
15,0.04299998,0.06506940807257
15,0.04399998,0.0634672699335644
15,0.04499998,0.0618820746026401
15,0.04599998,0.0603140930226169
15,0.04699998,0.0587636419540712
15,0.04799997,0.0572310987406457
15,0.04899997,0.055716836811623
15,0.04999997,0.0542213432136487
16,0.003,0.142823022147683
16,0.004,0.140321197621503
16,0.005,0.137848289354068
16,0.006000001,0.135403593358264
16,0.007000001,0.132986424483639
16,0.008,0.130596125783941
16,0.009000001,0.128232172642766
16,0.01,0.125893764193477
16,0.011,0.123580423188017
16,0.012,0.121291607670768
16,0.013,0.119026785891968
16,0.014,0.116785447248688
16,0.015,0.114567212393914
16,0.016,0.112371452142001
16,0.017,0.110197818601607
16,0.018,0.108045899987105
16,0.019,0.105915315465139
16,0.02,0.103805707547696
16,0.021,0.101716791278706
16,0.022,0.0996481171687099
16,0.023,0.097599455361364
16,0.024,0.0955705238110102
16,0.025,0.0935610827731082
16,0.026,0.091570894505257
16,0.027,0.0895998147899574
16,0.028,0.0876475387748779
16,0.029,0.0857139738739496
16,0.03,0.0837989726152557
16,0.031,0.0819024330920929
16,0.032,0.0800242812024925
16,0.033,0.0781644843139957
16,0.034,0.0763229381426473
16,0.035,0.0744996828398686
16,0.03599999,0.0726947497227439
16,0.03699999,0.0709082115195163
16,0.03799999,0.0691401994225899
16,0.03899999,0.067390781663455
16,0.03999999,0.065660171058409
16,0.04099999,0.0639485881781588
16,0.04199998,0.0622563096711829
16,0.04299998,0.060583679233863
16,0.04399998,0.0589310095058951
16,0.04499998,0.0572987730513126
16,0.04599998,0.0556874668364898
16,0.04699998,0.0540976587205872
16,0.04799997,0.0525300274366691
16,0.04899997,0.0509852670353424
16,0.04999997,0.0494642357463574
17,0.003,0.142352110768571
17,0.004,0.139701009755555
17,0.005,0.137082423017696
17,0.006000001,0.134495516069397
17,0.007000001,0.131939468979071
17,0.008,0.12941351795526
17,0.009000001,0.126917009762646
17,0.01,0.124449043851245
17,0.011,0.122009048770441
17,0.012,0.119596381173053
17,0.013,0.117210422498616
17,0.014,0.114850608427457
17,0.015,0.1125164501329
17,0.016,0.110207278283325
17,0.017,0.107922675886452
17,0.018,0.105662190424378
17,0.019,0.103425374164478
17,0.02,0.101211835223177
17,0.021,0.0990212620001982
17,0.022,0.0968531701416362
17,0.023,0.0947073005546747
17,0.024,0.0925833740295866
17,0.025,0.0904811242013669
17,0.026,0.0884003138293733
17,0.027,0.0863408181132754
17,0.028,0.08430233086153
17,0.029,0.0822847791690715
17,0.03,0.0802880615932301
17,0.031,0.0783121009917896
17,0.032,0.0763568685306982
17,0.033,0.0744224104717646
17,0.034,0.0725086687595969
17,0.035,0.0706157942829434
17,0.03599999,0.0687438965227139
17,0.03699999,0.0668931704257292
17,0.03799999,0.0650638687665979
17,0.03899999,0.0632562269505798
17,0.03999999,0.0614706150412162
17,0.04099999,0.0597074543780224
17,0.04199998,0.0579672379928437
17,0.04299998,0.0562505465017372
17,0.04399998,0.0545580110010371
17,0.04499998,0.0528904003564075
17,0.04599998,0.0512485887616354
17,0.04699998,0.0496335562624814
17,0.04799997,0.0480464087239085
17,0.04899997,0.0464884253702071
17,0.04999997,0.0449610166586323
18,0.003,0.141882282735067
18,0.004,0.139082691360191
18,0.005,0.136319408562122
18,0.006000001,0.133591435292654
18,0.007000001,0.130897817896973
18,0.008,0.128237664883147
18,0.009000001,0.12561019124102
18,0.01,0.123014380743362
18,0.011,0.120449556910609
18,0.012,0.11791497866039
18,0.013,0.115409941975251
18,0.014,0.112933785510382
18,0.015,0.110485966886299
18,0.016,0.108065735901139
18,0.017,0.105672608649614
18,0.018,0.103306080371496
18,0.019,0.100965676593601
18,0.02,0.0986509492356611
18,0.021,0.0963615693934653
18,0.022,0.0940970163021806
18,0.023,0.0918570190465087
18,0.024,0.0896412983418487
18,0.025,0.0874495848421065
18,0.026,0.0852816598773115
18,0.027,0.0831373973573615
18,0.028,0.0810165418947883
18,0.029,0.0789190564288061
18,0.03,0.07684488853899
18,0.031,0.0747940270534456
18,0.032,0.0727665180807784
18,0.033,0.0707625067910989
18,0.034,0.0687820529947604
18,0.035,0.0668254130121766
18,0.03599999,0.0648928745096038
18,0.03699999,0.0629847789404014
18,0.03799999,0.0611015922490768
18,0.03899999,0.0592437683158826
18,0.03999999,0.0574119458620458
18,0.04099999,0.0556068336392179
18,0.04199998,0.0538292728490613
18,0.04299998,0.0520802207648057
18,0.04399998,0.0503607533919457
18,0.04499998,0.0486721214311809
18,0.04599998,0.0470157807117222
18,0.04699998,0.0453933527494298
18,0.04799997,0.0438066650852276
18,0.04899997,0.0422578200531677
18,0.04999997,0.0407491674636727
19,0.003,0.141413527525849
19,0.004,0.13846623595381
19,0.005,0.135559221896476
19,0.006000001,0.132691316109557
19,0.007000001,0.12986141806185
19,0.008,0.1270684752554
19,0.009000001,0.124311600649714
19,0.01,0.121589630789028
19,0.011,0.118901765307857
19,0.012,0.116247186582736
19,0.013,0.113625069524622
19,0.014,0.111034687893842
19,0.015,0.108475412936122
19,0.016,0.105946404902205
19,0.017,0.103447158018445
19,0.018,0.100977097295546
19,0.019,0.0985357016083724
19,0.02,0.0961224924602072
19,0.021,0.0937371214518621
19,0.022,0.0913790383849047
19,0.023,0.0890479982214941
19,0.024,0.0867436920867005
19,0.025,0.0844658918356156
19,0.026,0.0822143857378738
19,0.027,0.0799891006522213
19,0.028,0.0777898353391504
19,0.029,0.0756166085062793
19,0.03,0.0734694535394575
19,0.031,0.0713484688007843
19,0.032,0.0692538084605081
19,0.033,0.0671857547752182
19,0.034,0.0651445457516519
19,0.035,0.0631306189274762
19,0.03599999,0.0611444792056727
19,0.03699999,0.0591867261229789
19,0.03799999,0.0572581197978062
19,0.03899999,0.0553594499888065
19,0.03999999,0.0534917573735061
19,0.04099999,0.0516561698397912
19,0.04199998,0.0498540408556859
19,0.04299998,0.0480869252141033
19,0.04399998,0.0463565494744583
19,0.04499998,0.0446649456211737
19,0.04599998,0.0430144094810913
19,0.04699998,0.0414075577747295
19,0.04799997,0.0398472981803387
19,0.04899997,0.0383370286801647
19,0.04999997,0.0368804767902314
20,0.003,0.14094585160089
20,0.004,0.137851629672226
20,0.005,0.134801836415694
20,0.006000001,0.131795118560742
20,0.007000001,0.128830205737984
20,0.008,0.125905889861106
20,0.009000001,0.123021139134403
20,0.01,0.120174649626412
20,0.011,0.117365523008244
20,0.012,0.114592792674908
20,0.013,0.111855574763397
20,0.014,0.109153017008682
20,0.015,0.106484448361785
20,0.016,0.103848939734659
20,0.017,0.101245922204593
20,0.018,0.0986747797983449
20,0.019,0.0961349604582647
20,0.02,0.0936259452432556
20,0.021,0.0911473842980505
20,0.022,0.0886987285999725
20,0.023,0.0862797159315783
20,0.024,0.0838900767448847
20,0.025,0.0815296053563832
20,0.026,0.0791981587162494
20,0.027,0.0768957123446842
20,0.028,0.0746221413775097
20,0.029,0.0723775782797313
20,0.03,0.0701621766201036
20,0.031,0.0679761749082879
20,0.032,0.065819911543821
20,0.033,0.0636938503322888
20,0.034,0.0615984861406336
20,0.035,0.0595345305689477
20,0.03599999,0.0575027982292803
20,0.03699999,0.0555042684583226
20,0.03799999,0.0535401130627613
20,0.03899999,0.0516116400000188
20,0.03999999,0.049720440635049
20,0.04099999,0.0478683191558132
20,0.04199998,0.0460573686042048
20,0.04299998,0.0442899925480403
20,0.04399998,0.0425689400795831
20,0.04499998,0.0408973818177938
20,0.04599998,0.0392788687288767
20,0.04699998,0.0377174778490216
20,0.04799997,0.0362177482666419
20,0.04899997,0.0347848588272728
20,0.04999997,0.0334244867700684
21,0.003,0.140479234664857
21,0.004,0.137238864372859
21,0.005,0.134047235353786
21,0.006000001,0.130902806536859
21,0.007000001,0.127804130659391
21,0.008,0.124749826273775
21,0.009000001,0.121738700641419
21,0.01,0.118769321559067
21,0.011,0.1158406461722
21,0.012,0.112951605748477
21,0.013,0.110101207465179
21,0.014,0.107288512237351
21,0.015,0.104512765478659
21,0.016,0.101772973910995
21,0.017,0.0990685116837337
21,0.018,0.0963987232889816
21,0.019,0.0937630189848528
21,0.02,0.0911608884626431
21,0.021,0.0885919351806153
21,0.022,0.0860556435428508
21,0.023,0.0835517788536408
21,0.024,0.0810801077282239
21,0.025,0.0786404883208964
21,0.026,0.0762328397791024
21,0.027,0.0738572403696947
21,0.028,0.0715136912100565
21,0.029,0.0692024745829167
21,0.03,0.0669239056567996
21,0.031,0.064678438342976
21,0.032,0.0624666561125897
21,0.033,0.0602893092898676
21,0.034,0.0581472237553986
21,0.035,0.0560415089043636
21,0.03599999,0.0539734448139885
21,0.03699999,0.0519445360317028
21,0.03799999,0.0499565583500574
21,0.03899999,0.0480115558920043
21,0.03999999,0.0461119264814762
21,0.04099999,0.0442604579941792
21,0.04199998,0.0424603382859485
21,0.04299998,0.0407152170182239
21,0.04399998,0.0390293109626635
21,0.04499998,0.0374074000204506
21,0.04599998,0.0358548848577877
21,0.04699998,0.0343778598222242
21,0.04799997,0.0329830218349613
21,0.04899997,0.0316779130473481
21,0.04999997,0.0304705433863786
22,0.003,0.140013680377017
22,0.004,0.136627912316398
22,0.005,0.133295390308802
22,0.006000001,0.130014349752765
22,0.007000001,0.126783136708728
22,0.008,0.123600197613831
22,0.009000001,0.120464185166087
22,0.01,0.11737350260726
22,0.011,0.114326982577852
22,0.012,0.111323427737509
22,0.013,0.108361743689736
22,0.014,0.105440903300728
22,0.015,0.102560070147261
22,0.016,0.0997181879845883
22,0.017,0.0969145852105127
22,0.018,0.0941485607122206
22,0.019,0.0914195141014581
22,0.02,0.0887269151011643
22,0.021,0.0860703957702079
22,0.022,0.0834494579065937
22,0.023,0.080863911315492
22,0.024,0.078313593224729
22,0.025,0.0757984468800277
22,0.026,0.073318501317351
22,0.027,0.0708739840433244
22,0.028,0.068465053085646
22,0.029,0.0660922039208863
22,0.03,0.0637559956506732
22,0.031,0.0614571653724478
22,0.032,0.0591966467772209
22,0.033,0.0569755854250428
22,0.034,0.0547952873120362
22,0.035,0.0526574085792908
22,0.03599999,0.0505638698928216
22,0.03699999,0.0485169497759711
22,0.03799999,0.0465192796319633
22,0.03899999,0.0445739477631574
22,0.03999999,0.0426845443538519
22,0.04099999,0.040855199109777
22,0.04199998,0.0390906813967962
22,0.04299998,0.0373964304380368
22,0.04399998,0.0357786976371501
22,0.04499998,0.0342444724527649
22,0.04599998,0.0328015709983538
22,0.04699998,0.0314585775098718
22,0.04799997,0.0302247776928619
22,0.04899997,0.0291101072218291
22,0.04999997,0.028124544827656
23,0.003,0.139549185358638
23,0.004,0.136018783631398
23,0.005,0.132546287839359
23,0.006000001,0.129129704389767
23,0.007000001,0.125767173724744
23,0.008,0.122456951574966
23,0.009000001,0.119197508787912
23,0.01,0.115987084102535
23,0.011,0.112824382741376
23,0.012,0.109708081714865
23,0.013,0.106636979294641
23,0.014,0.103609959359924
23,0.015,0.100626102364934
23,0.016,0.0976842948902168
23,0.017,0.0947838257324985
23,0.018,0.0919239647436095
23,0.019,0.0891041018137471
23,0.02,0.0863237246084961
23,0.021,0.083582482609735
23,0.022,0.0808799294480027
23,0.023,0.0782159528825404
23,0.024,0.0755904819947353
23,0.025,0.0730035821346294
23,0.026,0.0704554610076873
23,0.027,0.0679465073444487
23,0.028,0.0654771511041137
23,0.029,0.0630481301378573
23,0.03,0.0606603621411056
23,0.031,0.0583149870792215
23,0.032,0.0560133914033931
23,0.033,0.053757276597233
23,0.034,0.0515486238999495
23,0.035,0.049389846578038
23,0.03599999,0.0472837753596862
23,0.03699999,0.0452337360729699
23,0.03799999,0.043243620441143
23,0.03899999,0.0413179404813062
23,0.03999999,0.0394619638351108
23,0.04099999,0.0376817222534984
23,0.04199998,0.0359841517526646
23,0.04299998,0.0343770610234976
23,0.04399998,0.0328693606623573
23,0.04499998,0.0314707458960926
23,0.04599998,0.0301917996674767
23,0.04699998,0.0290436597176371
23,0.04799997,0.0280376279174716
23,0.04899997,0.0271849236382603
23,0.04999997,0.026495519312681
24,0.003,0.13908573764077
24,0.004,0.135411459860257
24,0.005,0.131799907393681
24,0.006000001,0.128248852963188
24,0.007000001,0.124756201010866
24,0.008,0.121320000946215
24,0.009000001,0.117938567988869
24,0.01,0.114609939759067
24,0.011,0.111332697772928
24,0.012,0.108105394729287
24,0.013,0.104926710049651
24,0.014,0.101795439456142
24,0.015,0.0987106001749974
24,0.016,0.0956710211203728
24,0.017,0.0926759472199986
24,0.018,0.0897246527146209
24,0.019,0.0868165173725041
24,0.02,0.0839510560509705
24,0.021,0.0811279834725443
24,0.022,0.078346921423125
24,0.023,0.0756078636611119
24,0.024,0.0729108876924047
24,0.025,0.0702562174029321
24,0.026,0.0676442772503231
24,0.027,0.0650757248106196
24,0.028,0.0625513008381424
24,0.029,0.0600721383990527
24,0.03,0.0576395924596081
24,0.031,0.0552553465452987
24,0.032,0.052921436481278
24,0.033,0.0506403165030389
24,0.034,0.0484148851951369
24,0.035,0.0462486058224826
24,0.03599999,0.0441455732025289
24,0.03699999,0.0421105881684626
24,0.03799999,0.0401492115164519
24,0.03899999,0.0382679985313264
24,0.03999999,0.036474440865458
24,0.04099999,0.034777130082547
24,0.04199998,0.0331857697133001
24,0.04299998,0.0317110853581534
24,0.04399998,0.0303650276451567
24,0.04499998,0.029160010747769
24,0.04599998,0.0281088709405266
24,0.04699998,0.0272240341672383
24,0.04799997,0.0265166559361851
24,0.04899997,0.025996075868307
24,0.04999997,0.025668246057533
25,0.003,0.13862334211039
25,0.004,0.134805924049076
25,0.005,0.131056217032885
25,0.006000001,0.127371743725392
25,0.007000001,0.123750154273852
25,0.008,0.120189292470587
25,0.009000001,0.116687269683706
25,0.01,0.113241966194997
25,0.011,0.10985179747539
25,0.012,0.106515203284757
25,0.013,0.103230740709446
25,0.014,0.0999971428641082
25,0.015,0.0968133352617553
25,0.016,0.0936781120735462
25,0.017,0.0905907039294737
25,0.018,0.0875503668094289
25,0.019,0.0845565232707423
25,0.02,0.0816087332883224
25,0.021,0.0787067836636623
25,0.022,0.0758504053921922
25,0.023,0.0730397531649862
25,0.024,0.0702750815720586
25,0.025,0.0675568582951999
25,0.026,0.0648857863870831
25,0.027,0.0622628770428026
25,0.028,0.0596892916871378
25,0.029,0.0571666732563874
25,0.03,0.0546969934419838
25,0.031,0.052282662894279
25,0.032,0.0499265724473263
25,0.033,0.0476322284083476
25,0.034,0.0454037543893873
25,0.035,0.0432460759879292
25,0.03599999,0.0411649849180339
25,0.03699999,0.0391672883039787
25,0.03799999,0.0372608408619965
25,0.03899999,0.0354548437201261
25,0.03999999,0.0337596838393391
25,0.04099999,0.0321871030271669
25,0.04199998,0.0307500025442038
25,0.04299998,0.0294621514618342
25,0.04399998,0.0283380398294228
25,0.04499998,0.0273916707249367
25,0.04599998,0.0266358935866284
25,0.04699998,0.0260812039394064
25,0.04799997,0.0257344870908579
25,0.04899997,0.0255985494369405
25,0.04999997,0.0256708582065707
26,0.003,0.138161982257509
26,0.004,0.134202161263186
26,0.005,0.130315213186668
26,0.006000001,0.126498344492639
26,0.007000001,0.122748992208432
26,0.008,0.119064744147897
26,0.009000001,0.115443532348073
26,0.01,0.111883042440048
26,0.011,0.108381542465999
26,0.012,0.104937338602813
26,0.013,0.101548905332713
26,0.014,0.0982148565673179
26,0.015,0.0949340934355936
26,0.016,0.091705363300396
26,0.017,0.0885278704605549
26,0.018,0.0854009175886603
26,0.019,0.0823239573200936
26,0.02,0.0792966297420115
26,0.021,0.0763188326514629
26,0.022,0.073390468262039
26,0.023,0.0705118685115241
26,0.024,0.0676835452526418
26,0.025,0.064906273718014
26,0.026,0.062181146345979
26,0.027,0.0595096165648261
26,0.028,0.0568934287582486
26,0.029,0.054334885532996
26,0.03,0.051836776486257
26,0.031,0.0494024792207265
26,0.032,0.0470360820043498
26,0.033,0.0447424495054142
26,0.034,0.0425273693471038
26,0.035,0.0403977502234454
26,0.03599999,0.0383616544017926
26,0.03699999,0.0364285282825147
26,0.03799999,0.0346091916495873
26,0.03899999,0.0329161379586195
26,0.03999999,0.0313632194126807
26,0.04099999,0.0299654908951063
26,0.04199998,0.0287388500210697
26,0.04299998,0.0276990798342432
26,0.04399998,0.0268612383053913
26,0.04499998,0.0262377282084425
26,0.04599998,0.0258372799720978
26,0.04699998,0.0256637106525352
26,0.04799997,0.0257149561898438
26,0.04899997,0.0259837441032313
26,0.04999997,0.0264572486394121
27,0.003,0.137701663838452
27,0.004,0.133600166215661
27,0.005,0.129576851594047
27,0.006000001,0.125628639090135
27,0.007000001,0.121752666407582
27,0.008,0.117946305769423
27,0.009000001,0.114207271359505
27,0.01,0.110533061806753
27,0.011,0.106921802892216
27,0.012,0.1033716664616
27,0.013,0.0998810195063581
27,0.014,0.0964484141008787
27,0.015,0.0930726820835069
27,0.016,0.0897525604028193
27,0.017,0.0864872681878959
27,0.018,0.0832761358436759
27,0.019,0.0801186924986547
27,0.02,0.0770146936680822
27,0.021,0.073964196758198
27,0.022,0.0709673013716105
27,0.023,0.0680246044621966
27,0.024,0.0651369445208553
27,0.025,0.0623054913792488
27,0.026,0.0595318448863947
27,0.027,0.0568180554980193
27,0.028,0.0541666107145883
27,0.029,0.0515806932274339
27,0.03,0.0490641791004267
27,0.031,0.0466217270811155
27,0.032,0.0442589842484645
27,0.033,0.041982669557601
27,0.034,0.0398007943482352
27,0.035,0.037722820404216
27,0.03599999,0.0357597867236141
27,0.03699999,0.0339244776941386
27,0.03799999,0.0322312927878655
27,0.03899999,0.0306964642013382
27,0.03999999,0.0293372128326215
27,0.04099999,0.028171335287184
27,0.04199998,0.0272159897838604
27,0.04299998,0.0264861564083873
27,0.04399998,0.0259934952932896
27,0.04499998,0.0257439835245498
27,0.04599998,0.0257373753258032
27,0.04699998,0.0259667933548314
27,0.04799997,0.0264191182868648
27,0.04899997,0.0270770266103498
27,0.04999997,0.0279197100925169
28,0.003,0.1372423693319
28,0.004,0.13299993724783
28,0.005,0.128841143495384
28,0.006000001,0.124762582782716
28,0.007000001,0.120761132238356
28,0.008,0.116833908345337
28,0.009000001,0.112978403481901
28,0.01,0.109191934025732
28,0.011,0.105472464364181
28,0.012,0.1018180454764
28,0.013,0.0982269412261115
28,0.014,0.0946976315930642
28,0.015,0.0912289347540634
28,0.016,0.0878195444928725
28,0.017,0.0844687421796251
28,0.018,0.0811759029902845
28,0.019,0.0779406793214946
28,0.02,0.0747629695058027
28,0.021,0.0716430340437852
28,0.022,0.0685812448981672
28,0.023,0.0655785400640916
28,0.024,0.0626361702343188
28,0.025,0.0597558452446296
28,0.026,0.0569397824141148
28,0.027,0.0541908265112221
28,0.028,0.051512430755871
28,0.029,0.0489089451611091
28,0.03,0.0463856426289146
28,0.031,0.043948899403651
28,0.032,0.0416064104172504
28,0.033,0.0393672939687814
28,0.034,0.0372424730483178
28,0.035,0.0352446854486358
28,0.03599999,0.0333886347172563
28,0.03699999,0.0316909723553616
28,0.03799999,0.0301700254989339
28,0.03899999,0.0288454232286967
28,0.03999999,0.0277366812452236
28,0.04099999,0.0268619576535651
28,0.04199998,0.0262360843826696
28,0.04299998,0.0258685862604848
28,0.04399998,0.0257625491210045
28,0.04499998,0.0259130634813154
28,0.04599998,0.026308034774188
28,0.04699998,0.0269294012450585
28,0.04799997,0.0277548452549682
28,0.04899997,0.0287605536854803
28,0.04999997,0.0299220502376509
29,0.003,0.136784109669207
29,0.004,0.132401453923377
29,0.005,0.128108048283999
29,0.006000001,0.123900151362271
29,0.007000001,0.119774345688408
29,0.008,0.115727484012146
29,0.009000001,0.111756846754661
29,0.01,0.107859551639473
29,0.011,0.104033403299186
29,0.012,0.1002763314039
29,0.013,0.0965865096960588
29,0.014,0.0929623618871998
29,0.015,0.0894026813290815
29,0.016,0.0859061763995969
29,0.017,0.0824721733862962
29,0.018,0.0791001584461869
29,0.019,0.0757899131704026
29,0.02,0.0725415523812668
29,0.021,0.0693555988030568
29,0.022,0.0662327668199466
29,0.023,0.063174431816093
29,0.024,0.0601823768067822
29,0.025,0.0572589883914962
29,0.026,0.0544073061851109
29,0.027,0.0516311754435555
29,0.028,0.0489352983882582
29,0.029,0.0463255590454421
29,0.03,0.0438090433828803
29,0.031,0.0413943575485699
29,0.032,0.0390918650252877
29,0.033,0.0369137863665394
29,0.034,0.0348746754554491
29,0.035,0.0329912071940998
29,0.03599999,0.0312823099227902
29,0.03699999,0.029768694093758
29,0.03799999,0.028471952305294
29,0.03899999,0.0274135367713052
29,0.03999999,0.026612269382827
29,0.04099999,0.0260823816709436
29,0.04199998,0.0258313275942616
29,0.04299998,0.0258580387857449
29,0.04399998,0.0261532536630789
29,0.04499998,0.0266996543298081
29,0.04599998,0.0274743568851624
29,0.04699998,0.0284513065690976
29,0.04799997,0.0296033342612159
29,0.04899997,0.0309046260232455
29,0.04999997,0.0323309164326569
30,0.003,0.136326861878055
30,0.004,0.131804707481674
30,0.005,0.127377545101093
30,0.006000001,0.12304131393308
30,0.007000001,0.1187922593873
30,0.008,0.114626981007303
30,0.009000001,0.110542530396058
30,0.01,0.10653581914664
30,0.011,0.102604513149721
30,0.012,0.0987464099813844
30,0.013,0.0949596016270815
30,0.014,0.0912424717480992
30,0.015,0.0875937919125088
30,0.016,0.0840123322094471
30,0.017,0.0804974797756808
30,0.018,0.0770488610021242
30,0.019,0.0736664590509386
30,0.02,0.070350634147693
30,0.021,0.0671022646699456
30,0.022,0.0639224933360953
30,0.023,0.0608132403362696
30,0.024,0.0577769863577796
30,0.025,0.0548169581495518
30,0.026,0.0519372543262994
30,0.027,0.0491430070425868
30,0.028,0.0464405484424657
30,0.029,0.0438376919841288
30,0.03,0.0413439147642352
30,0.031,0.0389706653553036
30,0.032,0.0367316753391051
30,0.033,0.0346430349315041
30,0.034,0.0327236220584613
30,0.035,0.0309945721477132
30,0.03599999,0.0294789889353233
30,0.03699999,0.0282007927619309
30,0.03799999,0.0271827722260166
30,0.03899999,0.0264447155398482
30,0.03999999,0.0259999292487362
30,0.04099999,0.0258533686315993
30,0.04199998,0.0260002428024364
30,0.04299998,0.0264260495709575
30,0.04399998,0.0271090413807807
30,0.04499998,0.0280217894615603
30,0.04599998,0.0291347705544549
30,0.04699998,0.0304185794535912
30,0.04799997,0.0318454600183497
30,0.04899997,0.0333908887942144
30,0.04999997,0.0350330202533049
31,0.003,0.135870634382287
31,0.004,0.131209674551352
31,0.005,0.126649628125136
31,0.006000001,0.122186033759108
31,0.007000001,0.117814828489854
31,0.008,0.113532341052057
31,0.009000001,0.109335375574849
31,0.01,0.105220652840097
31,0.011,0.101185685389797
31,0.012,0.0972281540247852
31,0.013,0.0933460830886506
31,0.014,0.0895378224932703
31,0.015,0.0858021598751172
31,0.016,0.0821379142501121
31,0.017,0.0785446143549074
31,0.018,0.0750220422743978
31,0.019,0.071570439922212
31,0.02,0.0681905072330081
31,0.021,0.0648835266776457
31,0.022,0.0616512153607995
31,0.023,0.0584961705959324
31,0.024,0.0554217381349216
31,0.025,0.0524322327515373
31,0.026,0.049533075518389
31,0.027,0.0467310753769852
31,0.028,0.0440346188865666
31,0.029,0.0414539966370404
31,0.03,0.0390017140014618
31,0.031,0.0366928268218247
31,0.032,0.0345451735806166
31,0.033,0.0325794647307679
31,0.034,0.0308193147829624
31,0.035,0.0292901951872694
31,0.03599999,0.0280183445693591
31,0.03699999,0.027028374679821
31,0.03799999,0.0263403401813699
31,0.03899999,0.0259671317935121
31,0.03999999,0.0259110592549298
31,0.04099999,0.026163457322925
31,0.04199998,0.0267053830158994
31,0.04299998,0.027509875670134
31,0.04399998,0.028546013359912
31,0.04499998,0.0297809995352875
31,0.04599998,0.0311832870619681
31,0.04699998,0.0327239872771403
31,0.04799997,0.0343774790391874
31,0.04899997,0.036122185943456
31,0.04999997,0.0379393955503304
32,0.003,0.135415415101937
32,0.004,0.13061637381147
32,0.005,0.125924274010236
32,0.006000001,0.12133428786904
32,0.007000001,0.116842023164649
32,0.008,0.112443501622126
32,0.009000001,0.108135313615062
32,0.01,0.103913963704653
32,0.011,0.0997768259597092
32,0.012,0.0957214621622623
32,0.013,0.0917458524943169
32,0.014,0.0878483165582805
32,0.015,0.0840276767217715
32,0.016,0.0802828733637421
32,0.017,0.0766135676206816
32,0.018,0.0730197844070804
32,0.019,0.0695020707708486
32,0.02,0.0660615475807126
32,0.021,0.0627000270438986
32,0.022,0.0594199152676236
32,0.023,0.0562246694933041
32,0.024,0.0531187350278591
32,0.025,0.0501077600985368
32,0.026,0.0471989033908921
32,0.027,0.0444010470789315
32,0.028,0.0417251697003569
32,0.029,0.0391847463978024
32,0.03,0.0367960434679663
32,0.031,0.0345784962541416
32,0.032,0.0325548228047003
32,0.033,0.0307507162742822
32,0.034,0.0291943845301964
32,0.035,0.0279143690227045
32,0.03599999,0.0269372216636754
32,0.03699999,0.0262839844892283
32,0.03799999,0.0259664140022281
32,0.03899999,0.0259850101607124
32,0.03999999,0.0263272812470932
32,0.04099999,0.0269698397264607
32,0.04199998,0.0278815323468612
32,0.04299998,0.0290270768192148
32,0.04399998,0.0303712975478205
32,0.04499998,0.0318804611669301
32,0.04599998,0.0335244372530936
32,0.04699998,0.0352771144337513
32,0.04799997,0.0371161363363922
32,0.04899997,0.0390232935714234
32,0.04999997,0.0409830458397368
33,0.003,0.134961203606285
33,0.004,0.130024764588242
33,0.005,0.125201455312366
33,0.006000001,0.120486044776082
33,0.007000001,0.115873787192365
33,0.008,0.111360422696868
33,0.009000001,0.106942280327201
33,0.01,0.102615676210909
33,0.011,0.0983778346556593
33,0.012,0.0942262357180361
33,0.013,0.0901587935122764
33,0.014,0.0861738479391927
33,0.015,0.0822702895302273
33,0.016,0.0784471785177843
33,0.017,0.0747043761374962
33,0.018,0.0710422134647426
33,0.019,0.0674616217720055
33,0.02,0.0639642325704493
33,0.021,0.0605525273823988
33,0.022,0.0572297646578393
33,0.023,0.0540004829322015
33,0.024,0.0508704643529081
33,0.025,0.0478470991481479
33,0.026,0.0449396442137487
33,0.027,0.042159631454263
33,0.028,0.0395213299009213
33,0.029,0.037042114014759
33,0.03,0.0347428373574859
33,0.031,0.0326480790572404
33,0.032,0.0307858715543612
33,0.033,0.029186647633128
33,0.034,0.0278818760594602
33,0.035,0.0269001577701459
33,0.03599999,0.0262637881417496
33,0.03699999,0.0259844434771835
33,0.03799999,0.0260601952561059
33,0.03899999,0.0264757175348751
33,0.03999999,0.0272033023930628
33,0.04099999,0.0282076026771769
33,0.04199998,0.0294498562940865
33,0.04299998,0.0308914546707374
33,0.04399998,0.032497194986045
33,0.04499998,0.034235459106038
33,0.04599998,0.0360793506791336
33,0.04699998,0.0380062895885898
33,0.04799997,0.0399974445005112
33,0.04899997,0.0420377252245695
33,0.04999997,0.044114396993899
34,0.003,0.134507999035542
34,0.004,0.129434856621753
34,0.005,0.124481171033987
34,0.006000001,0.119641279850111
34,0.007000001,0.114910090298324
34,0.008,0.110283034243408
34,0.009000001,0.105756201065701
34,0.01,0.101325704075556
34,0.011,0.0969886281891133
34,0.012,0.0927423773692903
34,0.013,0.0885848263182704
34,0.014,0.0845143475676315
34,0.015,0.0805299330178496
34,0.016,0.0766308102492245
34,0.017,0.0728171087357126
34,0.018,0.0690895190691987
34,0.019,0.0654494564981454
34,0.02,0.0618991805965289
34,0.021,0.0584419879595525
34,0.022,0.0550822005252051
34,0.023,0.0518256814125565
34,0.024,0.0486799101551245
34,0.025,0.0456543955896909
34,0.026,0.0427610748173573
34,0.027,0.0400147745624305
34,0.028,0.0374338078126214
34,0.029,0.0350402829551008
34,0.03,0.0328604287854728
34,0.031,0.0309244413818326
34,0.032,0.0292654667795591
34,0.033,0.0279173540859713
34,0.034,0.026911679616064
34,0.035,0.0262723384177948
34,0.03599999,0.0260114570912045
34,0.03699999,0.0261259141032075
34,0.03799999,0.026596951780362
34,0.03899999,0.0273936074657497
34,0.03999999,0.0284762795340566
34,0.04099999,0.0298025609006358
34,0.04199998,0.0313310842634591
34,0.04299998,0.03302393649615
34,0.04399998,0.0348485844314125
34,0.04499998,0.0367769885558908
34,0.04599998,0.0387860241845307
34,0.04699998,0.0408566801483226
34,0.04799997,0.0429732891873436
34,0.04899997,0.0451235251072813
34,0.04999997,0.0472969053637152
35,0.003,0.134055789674169
35,0.004,0.128846630851366
35,0.005,0.123763389688934
35,0.006000001,0.118799960593852
35,0.007000001,0.113950890557686
35,0.008,0.109211291449295
35,0.009000001,0.104577010335792
35,0.01,0.10004397163017
35,0.011,0.0956091284307467
35,0.012,0.0912697972565885
35,0.013,0.087023861383805
35,0.014,0.0828697426486354
35,0.015,0.0788065822266691
35,0.016,0.0748338083864427
35,0.017,0.0709518910117068
35,0.018,0.0671619562533385
35,0.019,0.063466010105395
35,0.02,0.0598670983052487
35,0.021,0.0563695167910608
35,0.022,0.0529788830989047
35,0.023,0.0497026920744086
35,0.024,0.0465505368381479
35,0.025,0.043534558962706
35,0.026,0.0406700204498425
35,0.027,0.0379757716106397
35,0.028,0.0354750496607952
35,0.029,0.0331954942330492
35,0.03,0.0311693044257967
35,0.031,0.0294321687952624
35,0.032,0.0280210022412796
35,0.033,0.0269700158235592
35,0.034,0.0263060023865273
35,0.035,0.026042137472668
35,0.03599999,0.0261748106470912
35,0.03699999,0.026683182408107
35,0.03799999,0.0275322229064848
35,0.03899999,0.0286789833949912
35,0.03999999,0.0300771145002548
35,0.04099999,0.0316821336209516
35,0.04199998,0.0334539086737946
35,0.04299998,0.0353576586105335
35,0.04399998,0.0373647100652106
35,0.04499998,0.0394509777418335
35,0.04599998,0.0415969803153701
35,0.04699998,0.0437869037781935
35,0.04799997,0.046007796172114
35,0.04899997,0.0482495688547428
35,0.04999997,0.0505035975002983
36,0.003,0.133604572261773
36,0.004,0.128260082755742
36,0.005,0.123048094473351
36,0.006000001,0.117962067761008
36,0.007000001,0.112996150017723
36,0.008,0.10814514346235
36,0.009000001,0.103404654715353
36,0.01,0.0987704108090938
36,0.011,0.0942392433625695
36,0.012,0.08980842210614
36,0.013,0.0854758346461594
36,0.014,0.0812399974845342
36,0.015,0.0771002227157493
36,0.016,0.0730562360843054
36,0.017,0.0691088829417042
36,0.018,0.065259839230262
36,0.019,0.0615118418543949
36,0.02,0.0578688791819736
36,0.021,0.0543364558277375
36,0.022,0.0509217817627676
36,0.023,0.0476343843854216
36,0.024,0.0444864313533176
36,0.025,0.0414933243197857
36,0.026,0.0386743963939314
36,0.027,0.0360534029412289
36,0.028,0.0336593045561622
36,0.029,0.031525983098265
36,0.03,0.0296915666440974
36,0.031,0.0281960904174226
36,0.032,0.0270773902440326
36,0.033,0.026365046611551
36,0.034,0.0260749754446577
36,0.035,0.0262039092318261
36,0.03599999,0.0267295889224527
36,0.03699999,0.0276141067926627
36,0.03799999,0.028810073011971
36,0.03899999,0.0302678796490396
36,0.03999999,0.0319394157655718
36,0.04099999,0.0337818416180306
36,0.04199998,0.0357584857188392
36,0.04299998,0.0378387214267007
36,0.04399998,0.0399979702070804
36,0.04499998,0.0422158941589862
36,0.04599998,0.044476235957626
36,0.04699998,0.0467658773870092
36,0.04799997,0.0490741337109266
36,0.04899997,0.051392678955585
36,0.04999997,0.0537144228034639
37,0.003,0.133154337206911
37,0.004,0.127675197527448
37,0.005,0.122335277863623
37,0.006000001,0.117127568666751
37,0.007000001,0.112045826805425
37,0.008,0.107084549934786
37,0.009000001,0.10223907640696
37,0.01,0.097504958438101
37,0.011,0.0928789191123339
37,0.012,0.0883581875807237
37,0.013,0.0839406876168321
37,0.014,0.0796250761526408
37,0.015,0.0754108841741526
37,0.016,0.0712981766023318
37,0.017,0.0672882931038723
37,0.018,0.0633835677362119
37,0.019,0.0595876010767749
37,0.02,0.0559055287495969
37,0.021,0.0523443327417046
37,0.022,0.0489131880608819
37,0.023,0.0456240781370426
37,0.024,0.0424923435446268
37,0.025,0.0395373795845256
37,0.026,0.0367833812330015
37,0.027,0.03425996327589
37,0.028,0.0320025359598024
37,0.029,0.0300514255609185
37,0.03,0.0284497520738437
37,0.031,0.0272392444468862
37,0.032,0.0264538112895279
37,0.033,0.0261122536710757
37,0.034,0.0262137056151755
37,0.035,0.0267352516315116
37,0.03599999,0.027636575571623
37,0.03699999,0.0288667714938475
37,0.03799999,0.0303714902848197
37,0.03899999,0.0320995139547908
37,0.03999999,0.0340046344094932
37,0.04099999,0.0360477580218115
37,0.04199998,0.0381966182451903
37,0.04299998,0.0404248415788235
37,0.04399998,0.0427117030354027
37,0.04499998,0.0450401448859543
37,0.04599998,0.0473966198796164
37,0.04699998,0.049770251880458
37,0.04799997,0.0521521386981253
37,0.04899997,0.0545354667382375
37,0.04999997,0.0569143036295381
38,0.003,0.132705095399053
38,0.004,0.127091963893368
38,0.005,0.121624908340877
38,0.006000001,0.116296434064093
38,0.007000001,0.111099896075893
38,0.008,0.106029458493196
38,0.009000001,0.101080217453756
38,0.01,0.096247540337152
38,0.011,0.0915280753051518
38,0.012,0.0869190193739577
38,0.013,0.0824183761061097
38,0.014,0.0780249683612312
38,0.015,0.0737385996379188
38,0.016,0.0695597713172017
38,0.017,0.0654903987451879
38,0.018,0.0615336045610937
38,0.019,0.0576940484796191
38,0.02,0.053978240320994
38,0.021,0.0503949688004223
38,0.022,0.04695576357074
38,0.023,0.0436756360324712
38,0.024,0.040573774658252
38,0.025,0.0376743639834981
38,0.026,0.0350074736860929
38,0.027,0.0326092804385267
38,0.028,0.0305221565318626
38,0.029,0.0287921362100766
38,0.03,0.027465112571538
38,0.031,0.0265799231424016
38,0.032,0.0261603723562857
38,0.033,0.026208321600378
38,0.034,0.0267023839009464
38,0.035,0.0276004300530978
38,0.03599999,0.0288480511378889
38,0.03699999,0.0303868528300241
38,0.03799999,0.0321606993349987
38,0.03899999,0.0341204359267775
38,0.03999999,0.0362238323381099
38,0.04099999,0.0384364189584031
38,0.04199998,0.04073038072029
38,0.04299998,0.0430833122380352
38,0.04399998,0.0454778421357152
38,0.04499998,0.0478996691702899
38,0.04599998,0.0503375005595837
38,0.04699998,0.0527822795326988
38,0.04799997,0.0552265939219025
38,0.04899997,0.0576647549523529
38,0.04999997,0.060091824146653
39,0.003,0.132256819493901
39,0.004,0.126510380290245
39,0.005,0.120916986484094
39,0.006000001,0.115468650417299
39,0.007000001,0.110158316554697
39,0.008,0.10497981795195
39,0.009000001,0.0999280193215113
39,0.01,0.0949981167452421
39,0.011,0.0901866580621898
39,0.012,0.0854908795330528
39,0.013,0.0809088706818912
39,0.014,0.0764396745434131
39,0.015,0.0720834436516759
39,0.016,0.0678411864480769
39,0.017,0.0637155193915147
39,0.018,0.0597105119641001
39,0.019,0.055832081538919
39,0.02,0.0520884074966299
39,0.021,0.0484904526972136
39,0.022,0.0450525888382185
39,0.023,0.0417934969505981
39,0.024,0.0387370255162928
39,0.025,0.0359130963550156
39,0.026,0.0333584609121386
39,0.027,0.0311165275755028
39,0.028,0.0292362954109692
39,0.029,0.0277677311608568
39,0.03,0.0267553018196406
39,0.031,0.0262289256682858
39,0.032,0.0261957935507821
39,0.033,0.0266364982529923
39,0.034,0.0275091121140114
39,0.035,0.0287559226517642
39,0.03599999,0.0303140768882282
39,0.03699999,0.0321230085578268
39,0.03799999,0.0341286016652717
39,0.03899999,0.0362858677734021
39,0.03999999,0.0385574213660312
39,0.04099999,0.0409134544315436
39,0.04199998,0.0433302557396379
39,0.04299998,0.0457888936602414
39,0.04399998,0.0482748462848304
39,0.04499998,0.0507760868408101
39,0.04599998,0.0532831556008267
39,0.04699998,0.0557885090848251
39,0.04799997,0.0582858634124534
39,0.04899997,0.0607705203528316
39,0.04999997,0.063238293181992
40,0.003,0.131809532032749
40,0.004,0.125930430828138
40,0.005,0.120211482933071
40,0.006000001,0.114644182953316
40,0.007000001,0.10922104908883
40,0.008,0.103935593078066
40,0.009000001,0.0987824338606177
40,0.01,0.0937566045856098
40,0.011,0.088854614458038
40,0.012,0.0840737113079958
40,0.013,0.0794121413872609
40,0.014,0.0748692128238552
40,0.015,0.0704455071327874
40,0.016,0.0661426347977272
40,0.017,0.0619640449199716
40,0.018,0.0579149272734473
40,0.019,0.054002725088802
40,0.02,0.0502376050999531
40,0.021,0.0466331591855544
40,0.022,0.0432071845966116
40,0.023,0.0399827868902815
40,0.024,0.0369893376766775
40,0.025,0.0342634457384097
40,0.026,0.031849356022771
40,0.027,0.0297977863370459
40,0.028,0.028162970239164
40,0.029,0.02699527553448
40,0.03,0.02633197553103
40,0.031,0.0261873200139087
40,0.032,0.0265468330925228
40,0.033,0.027369024018603
40,0.034,0.0285945641189892
40,0.035,0.0301559063901397
40,0.03599999,0.0319872650577781
40,0.03699999,0.0340298611805557
40,0.03799999,0.0362339111068791
40,0.03899999,0.0385594377840794
40,0.03999999,0.0409739484467379
40,0.04099999,0.0434519495312357
40,0.04199998,0.0459733583747078
40,0.04299998,0.0485221482392013
40,0.04399998,0.0510861738974776
40,0.04499998,0.053655279099031
40,0.04599998,0.0562215287250831
40,0.04699998,0.0587785341481369
40,0.04799997,0.0613210193953817
40,0.04899997,0.0638450363451392
40,0.04999997,0.0663470291326432
41,0.003,0.13136320483142
41,0.004,0.125352105353741
41,0.005,0.119508386465857
41,0.006000001,0.113823005679915
41,0.007000001,0.108288072264218
41,0.008,0.10289674709966
41,0.009000001,0.0976434130706431
41,0.01,0.0925229872804629
41,0.011,0.0875318965481362
41,0.012,0.0826674882109383
41,0.013,0.0779281905853081
41,0.014,0.0733136461901656
41,0.015,0.0688249259841946
41,0.016,0.0644643749109714
41,0.017,0.0602364253244645
41,0.018,0.056147625383264
41,0.019,0.0522071870744752
41,0.02,0.0484276858522512
41,0.021,0.0448258370714101
41,0.022,0.0414236085722116
41,0.023,0.038249323946926
41,0.024,0.0353388696127973
41,0.025,0.0327364573308113
41,0.026,0.0304941900875759
41,0.027,0.0286693112284667
41,0.028,0.0273185090322176
41,0.029,0.0264872331282529
41,0.03,0.0261986923452689
41,0.031,0.0264456359217737
41,0.032,0.0271900410880251
41,0.033,0.0283708150902435
41,0.034,0.0299168830130183
41,0.035,0.0317565809180349
41,0.03599999,0.0338254633452682
41,0.03699999,0.0360690905681382
41,0.03799999,0.0384428913053748
41,0.03899999,0.040912042423914
41,0.03999999,0.0434486403434629
41,0.04099999,0.0460309286755387
41,0.04199998,0.0486418958038004
41,0.04299998,0.0512680158350938
41,0.04399998,0.0538990266018097
41,0.04499998,0.056526336998051
41,0.04599998,0.0591432342609501
41,0.04699998,0.0617443401658275
41,0.04799997,0.0643251347377384
41,0.04899997,0.0668823094925995
41,0.04999997,0.069412861217835
42,0.003,0.130917851093928
42,0.004,0.12477540496087
42,0.005,0.1188076826899
42,0.006000001,0.113005107310606
42,0.007000001,0.107359344824715
42,0.008,0.101863229539074
42,0.009000001,0.0965109123234146
42,0.01,0.0912971809512256
42,0.011,0.0862184591456675
42,0.012,0.0812721798941361
42,0.013,0.0764570208595252
42,0.014,0.071773017523701
42,0.015,0.0672218471398583
42,0.016,0.0628067019551721
42,0.017,0.0585331964530833
42,0.018,0.054409443200424
42,0.019,0.0504468127203608
42,0.02,0.0466607188927113
42,0.021,0.0430716389623891
42,0.022,0.0397064607203476
42,0.023,0.0365997112402366
42,0.024,0.0337947576608675
42,0.025,0.031344073368753
42,0.026,0.0293074448018213
42,0.027,0.0277465497764061
42,0.028,0.0267159765046535
42,0.029,0.0262495195006279
42,0.03,0.026349812859836
42,0.031,0.0269848738084565
42,0.032,0.0280946699339618
42,0.033,0.0296038407377532
42,0.034,0.0314355052289506
42,0.035,0.0335185583761748
42,0.03599999,0.0357927631766471
42,0.03699999,0.038209056158521
42,0.03799999,0.0407283902523803
42,0.03899999,0.0433206873035894
42,0.03999999,0.0459620406696656
42,0.04099999,0.0486339693871353
42,0.04199998,0.051322041954522
42,0.04299998,0.0540147561295489
42,0.04399998,0.0567034167163014
42,0.04499998,0.0593807429197615
42,0.04599998,0.0620410051483375
42,0.04699998,0.0646796495938657
42,0.04799997,0.0672927965909665
42,0.04899997,0.0698776982770055
42,0.04999997,0.0724317446773187
43,0.003,0.130473450786183
43,0.004,0.124200303040104
43,0.005,0.118109352761822
43,0.006000001,0.112190460848149
43,0.007000001,0.106434839270991
43,0.008,0.100835005242174
43,0.009000001,0.095384890256596
43,0.01,0.0900791598645817
43,0.011,0.0849142649031095
43,0.012,0.0798877661045377
43,0.013,0.0749986469842161
43,0.014,0.0702474148000614
43,0.015,0.0656364664462228
43,0.016,0.0611699784152438
43,0.017,0.0568549522699156
43,0.018,0.052701381697701
43,0.019,0.0487231601202447
43,0.02,0.044939100053978
43,0.021,0.041374133684627
43,0.022,0.038060971162504
43,0.023,0.0350413382560297
43,0.024,0.0323670054330003
43,0.025,0.0300989416121322
43,0.026,0.0283033858775666
43,0.027,0.0270428012648481
43,0.028,0.0263634192122406
43,0.029,0.0262803364499339
43,0.03,0.026770942732194
43,0.031,0.0277788017660855
43,0.032,0.0292265183232985
43,0.033,0.03103057970389
43,0.034,0.0331134934208066
43,0.035,0.0354079791745884
43,0.03599999,0.0378593256016343
43,0.03699999,0.0404242340079585
43,0.03799999,0.0430687490653464
43,0.03899999,0.0457671316287897
43,0.03999999,0.0484988646928266
43,0.04099999,0.0512482473855888
43,0.04199998,0.0540029508042919
43,0.04299998,0.0567531516899284
43,0.04399998,0.0594915518875333
43,0.04499998,0.0622118196807277
43,0.04599998,0.0649091368276073
43,0.04699998,0.0675795599161166
43,0.04799997,0.0702198342577857
43,0.04899997,0.0728275811174656
43,0.04999997,0.0754005874881632
44,0.003,0.13003001299717
44,0.004,0.123626804626907
44,0.005,0.117413378560724
44,0.006000001,0.111379029644903
44,0.007000001,0.105514521780524
44,0.008,0.0998120326421963
44,0.009000001,0.0942652973269814
44,0.01,0.0888688844317093
44,0.011,0.0836192778477743
44,0.012,0.0785142468055046
44,0.013,0.0735531041852941
44,0.014,0.0687369550328037
44,0.015,0.0640689928755201
44,0.016,0.0595546052688902
44,0.017,0.0552023804629008
44,0.018,0.051024549137738
44,0.019,0.0470379817093942
44,0.02,0.0432655020880851
44,0.021,0.0397373272894088
44,0.022,0.0364929875589427
44,0.023,0.0335824129321072
44,0.024,0.0310663714485037
44,0.025,0.0290139175749851
44,0.026,0.0274951148212781
44,0.027,0.0265677699316342
44,0.028,0.0262625594891485
44,0.029,0.0265698911132361
44,0.03,0.0274405172767331
44,0.031,0.0287970997027512
44,0.032,0.0305510349196112
44,0.033,0.0326163763824434
44,0.034,0.0349187652121759
44,0.035,0.0373964579217189
44,0.03599999,0.0400008221080528
44,0.03699999,0.0426940450988777
44,0.03799999,0.0454467800770133
44,0.03899999,0.0482369524537156
44,0.03999999,0.0510470372845379
44,0.04099999,0.0538635715762094
44,0.04199998,0.0566760252237161
44,0.04299998,0.0594759980852637
44,0.04399998,0.0622572161423783
44,0.04499998,0.0650143347071418
44,0.04599998,0.0677431309903616
44,0.04699998,0.0704402591467177
44,0.04799997,0.0731029176180454
44,0.04899997,0.0757291318593267
44,0.04999997,0.0783169989123437
45,0.003,0.129587520298429
45,0.004,0.123054897752123
45,0.005,0.116719756132403
45,0.006000001,0.110570804735499
45,0.007000001,0.104598361015484
45,0.008,0.0987942880195365
45,0.009000001,0.0931521058130905
45,0.01,0.0876663138093855
45,0.011,0.0823334845866499
45,0.012,0.0771516077642849
45,0.013,0.0721204445113195
45,0.014,0.0672417539327247
45,0.015,0.0625197009100647
45,0.016,0.0579610512245792
45,0.017,0.0535762821748532
45,0.018,0.0493802236800017
45,0.019,0.0453932738248485
45,0.02,0.0416429823314113
45,0.021,0.0381657995017824
45,0.022,0.0350090556120246
45,0.023,0.0322318374395248
45,0.024,0.0299041052421368
45,0.025,0.0281014347175658
45,0.026,0.0268933679668621
45,0.027,0.0263262685317474
45,0.028,0.0264081618902651
45,0.029,0.0271014658002188
45,0.03,0.0283322929456369
45,0.031,0.0300082483960584
45,0.032,0.032035700593217
45,0.033,0.0343306246493993
45,0.034,0.0368240834638246
45,0.035,0.0394606640463044
45,0.03599999,0.0421976011984811
45,0.03699999,0.0450020513435323
45,0.03799999,0.0478487463980441
45,0.03899999,0.0507187437522487
45,0.03999999,0.0535969786287813
45,0.04099999,0.0564719224205427
45,0.04199998,0.0593344998341245
45,0.04299998,0.0621775128573918
45,0.04399998,0.0649955753224299
45,0.04499998,0.0677840634748588
45,0.04599998,0.0705393876049401
45,0.04699998,0.073258639990863
45,0.04799997,0.0759394592361644
45,0.04899997,0.0785801475883767
45,0.04999997,0.0811791161757642
46,0.003,0.129145986496707
46,0.004,0.122484568117383
46,0.005,0.11602846367302
46,0.006000001,0.109765765059602
46,0.007000001,0.103686343893833
46,0.008,0.0977817275740868
46,0.009000001,0.0920452693608248
46,0.01,0.0864714244487522
46,0.011,0.0810568644598826
46,0.012,0.0757998770545349
46,0.013,0.0707007386218252
46,0.014,0.0657619754598947
46,0.015,0.0609888958956563
46,0.016,0.0563898482036981
46,0.017,0.0519775390024183
46,0.018,0.0477698346385301
46,0.019,0.0437912809398047
46,0.02,0.0400749981061931
46,0.021,0.0366646163205666
46,0.022,0.0336163650108281
46,0.023,0.0309991510348993
46,0.024,0.0288915448147234
46,0.025,0.0273726148077364
46,0.026,0.0265054061723299
46,0.027,0.0263173052238686
46,0.028,0.026788440187597
46,0.029,0.0278531708946622
46,0.03,0.0294179813351417
46,0.031,0.0313818369232571
46,0.032,0.0336512383015754
46,0.033,0.0361470909814448
46,0.034,0.0388068890806267
46,0.035,0.0415815516880442
46,0.03599999,0.044433770278008
46,0.03699999,0.0473351038996998
46,0.03799999,0.0502637299991826
46,0.03899999,0.0532033853457884
46,0.03999999,0.056141072593634
46,0.04099999,0.0590668657243195
46,0.04199998,0.0619729702629018
46,0.04299998,0.0648531020031428
46,0.04399998,0.0677026965864064
46,0.04499998,0.0705177011661421
46,0.04599998,0.0732950951051842
46,0.04699998,0.0760323687907632
46,0.04799997,0.0787274329878957
46,0.04899997,0.0813789380803616
46,0.04999997,0.0839855187772978
47,0.003,0.128705391487685
47,0.004,0.121915818032999
47,0.005,0.115339483342554
47,0.006000001,0.108963888608631
47,0.007000001,0.102778424978989
47,0.008,0.0967743256154512
47,0.009000001,0.0909447606055874
47,0.01,0.0852841732659879
47,0.011,0.0797893920266193
47,0.012,0.0744590661378959
47,0.013,0.0692940517220917
47,0.014,0.064297798189312
47,0.015,0.0594769056880419
47,0.016,0.054841597883045
47,0.017,0.0504071457126704
47,0.018,0.0461949844213581
47,0.019,0.0422345302349901
47,0.02,0.0385653594390901
47,0.021,0.035239386609934
47,0.022,0.0323227211761673
47,0.023,0.0298942405580475
47,0.024,0.0280394803948655
47,0.025,0.0268362911017474
47,0.026,0.0263339707075835
47,0.027,0.0265339901060504
47,0.028,0.0273861666955769
47,0.029,0.0288002199885158
47,0.03,0.0306693872534726
47,0.031,0.0328899652341085
47,0.032,0.035372285777761
47,0.033,0.0380437583351658
47,0.034,0.0408485938079156
47,0.035,0.0437436853775717
47,0.03599999,0.046696566112566
47,0.03699999,0.0496826132339328
47,0.03799999,0.0526829411056074
47,0.03899999,0.0556835422219944
47,0.03999999,0.058673195815198
47,0.04099999,0.0616432805202168
47,0.04199998,0.0645870587896096
47,0.04299998,0.0674991132451889
47,0.04399998,0.0703754637661137
47,0.04499998,0.0732126557676031
47,0.04599998,0.0760080554672993
47,0.04699998,0.0787595181748985
47,0.04799997,0.081465284474146
47,0.04899997,0.0841242130573633
47,0.04999997,0.0867352069752673
48,0.003,0.128265737035865
48,0.004,0.121348635650692
48,0.005,0.114652806930482
48,0.006000001,0.108165146505496
48,0.007000001,0.101874587026251
48,0.008,0.0957720446834981
48,0.009000001,0.0898505521161713
48,0.01,0.084104546048302
48,0.011,0.0785310771626293
48,0.012,0.0731292047957652
48,0.013,0.0679004924997293
48,0.014,0.0628494255599876
48,0.015,0.0579841289376913
48,0.016,0.0533169757137061
48,0.017,0.0488662390035878
48,0.018,0.0446575000652096
48,0.019,0.0407258356051876
48,0.02,0.0371183446874809
48,0.021,0.0338962973070103
48,0.022,0.0311364410461892
48,0.023,0.0289270581723863
48,0.024,0.0273574958005324
48,0.025,0.0264981299180342
48,0.026,0.026376718145825
48,0.027,0.0269639777369724
48,0.028,0.0281804544183012
48,0.029,0.0299169335635353
48,0.03,0.0320599955983439
48,0.031,0.0345079273289204
48,0.032,0.0371772177637398
48,0.033,0.0400023435693733
48,0.034,0.0429340355767577
48,0.035,0.0459345619617438
48,0.03599999,0.0489756675492677
48,0.03699999,0.052036054805161
48,0.03799999,0.0550993196955795
48,0.03899999,0.0581533636952608
48,0.03999999,0.0611884238540793
48,0.04099999,0.0641970178128923
48,0.04199998,0.0671733046783769
48,0.04299998,0.0701125618658274
48,0.04399998,0.073011396766963
48,0.04499998,0.0758667958662877
48,0.04599998,0.0786764747876699
48,0.04699998,0.0814386217438652
48,0.04799997,0.0841517894227804
48,0.04899997,0.0868150098917878
48,0.04999997,0.0894274143639118
49,0.003,0.127827014401599
49,0.004,0.120782999403629
49,0.005,0.113968414701374
49,0.006000001,0.107369522122511
49,0.007000001,0.100974793739109
49,0.008,0.094774857207749
49,0.009000001,0.0887626006929682
49,0.01,0.0829325182205815
49,0.011,0.0772819124917542
49,0.012,0.0718103373110028
49,0.013,0.0665201655727997
49,0.014,0.061417103496471
49,0.015,0.0565110021893069
49,0.016,0.0518167296664699
49,0.017,0.0473560582481384
49,0.018,0.0431593853576943
49,0.019,0.0392683698945556
49,0.02,0.0357386902562831
49,0.021,0.0326420389339039
49,0.022,0.0300661278626955
49,0.023,0.0281070529406309
49,0.024,0.0268531836063142
49,0.025,0.0263598134373613
49,0.026,0.0266262881067388
49,0.027,0.0275907316758108
49,0.028,0.0291485453005055
49,0.029,0.0311784014503349
49,0.03,0.0335658768923134
49,0.031,0.0362144676983615
49,0.032,0.0390479324567298
49,0.033,0.0420078141942309
49,0.034,0.0450508240481588
49,0.035,0.0481439935821463
49,0.03599999,0.0512627478879695
49,0.03699999,0.0543885566907865
49,0.03799999,0.0575071508889855
49,0.03899999,0.0606080652376765
49,0.03999999,0.0636827537780735
49,0.04099999,0.0667247159957202
49,0.04199998,0.0697288768050059
49,0.04299998,0.0726911021560476
49,0.04399998,0.0756084925692583
49,0.04499998,0.0784784321805238
49,0.04599998,0.0812989749350645
49,0.04699998,0.0840685904509178
49,0.04799997,0.0867860718116558
49,0.04899997,0.0894506720654094
49,0.04999997,0.0920616581446496
